13
1 2
1 3
1 4
2 5
2 6
2 7
3 8
3 9
3 10
5 11
5 12
7 13
13
2 1
2 3
2 13
13 7
13 8
13 5
7 11
7 12
5 6
3 4
3 10
3 9

6
1 2
1 3
2 4
2 5
3 6
6
2 4
2 5
4 1
4 6
5 3

10
1 2
1 3
2 4
2 5
3 6
3 7
6 8
8 9
8 10
10
2 4
2 5
4 1
4 6
5 3
5 7
6 8
8 9
6 10

6
1 2
1 3
2 4
2 5
3 6
6
2 4
2 5
4 1
4 6
5 3

11
1 4
1 3
3 5
3 2
2 6
6 10
4 7
4 8
7 9
9 11

11
7 1
7 3
3 6
3 4
4 9
1 5
1 2
2 8
8 10
9 11

10
1 4
1 3
3 5
3 2
2 6
6 10
4 7
4 8
7 9
10
7 1
7 3
3 6
3 4
4 9
1 5
1 2
2 8
8 10

13
1 2
1 3
1 4
2 5
2 6
2 7
3 8
3 9
3 10
5 11
5 12
7 13
13
2 1
2 3
2 13
13 7
13 8
13 5
7 11
7 12
5 6
3 4
3 10
3 9

10
1 2
1 3
2 4
2 5
3 6
3 7
6 8
8 9
8 10
10
2 4
2 5
4 1
4 6
5 3
5 7
6 8
8 9
6 10

6
1 2
1 3
2 4
2 5
3 6
6
2 4
2 5
4 1
4 6
5 3

13
1 2
1 3
1 4
2 5
2 6
2 7
3 8
3 9
3 10
5 11
5 12
7 13
13
1 2
1 3
1 4
2 5
2 6
2 7
3 8
3 9
3 10
5 11
5 12
7 13

13
1 2
1 3
1 4
2 5
2 6
2 7
3 8
3 9
3 10
5 11
5 12
7 13
9
1 2
1 3
1 4
3 5
2 7
4 6
3 8
2 9

9
1 2
1 3
1 4
3 5
2 7
4 6
3 8
2 9
9
1 2
1 3
1 4
3 5
2 7
4 6
3 8
2 9
